1.000000  0.000000
0.998454  0.000144
0.993827  0.000583
0.986155  0.001339
0.975497  0.002445
0.961933  0.003944
0.945564  0.005888
0.926506  0.008330
0.904892  0.011324
0.880869  0.014918
0.854591  0.019152
0.826227  0.024053
0.795948  0.029632
0.763936  0.035879
0.730375  0.042765
0.695456  0.050237
0.659375  0.058219
0.622331  0.066612
0.584528  0.075299
0.546174  0.084143
0.507482  0.092994
0.468669  0.101693
0.429888  0.110079
0.390927  0.117827
0.351935  0.124336
0.313177  0.129035
0.274974  0.131436
0.237708  0.131182
0.201821  0.128077
0.167791  0.122116
0.136096  0.113503
0.107163  0.102627
0.081338  0.090028
0.058866  0.076341
0.039890  0.062232
0.024479  0.048355
0.012638  0.035310
0.004337  0.023611
-0.000482  0.013663
-0.001896  0.005746
0.000000  0.000000

0.000000  0.000000
0.004979 -0.003424
0.012793 -0.004511
0.023293 -0.003512
0.036305 -0.000777
0.051642  0.003274
0.069103  0.008176
0.088494  0.013463
0.109645  0.018691
0.132431  0.023473
0.156798  0.027488
0.182761  0.030484
0.210394  0.032273
0.239794  0.032725
0.271036  0.031779
0.304139  0.029463
0.339048  0.025915
0.375628  0.021396
0.413678  0.016289
0.452872  0.011086
0.492518  0.006171
0.532285  0.001644
0.571907 -0.002420
0.611114 -0.005950
0.649642 -0.008889
0.687227 -0.011195
0.723616 -0.012843
0.758563 -0.013832
0.791837 -0.014183
0.823221 -0.013943
0.852515 -0.013179
0.879537 -0.011979
0.904125 -0.010448
0.926134 -0.008702
0.945443 -0.006863
0.961946 -0.005054
0.975559 -0.003390
0.986215 -0.001977
0.993862 -0.000902
0.998464 -0.000229
1.000000  0.000000
