1.000000  0.000000
0.998464  0.000360
0.993866  0.001436
0.986233  0.003207
0.975613  0.005645
0.962070  0.008710
0.945688  0.012352
0.926567  0.016516
0.904824  0.021140
0.880593  0.026161
0.854022  0.031510
0.825276  0.037119
0.794530  0.042918
0.761973  0.048836
0.727806  0.054802
0.692239  0.060742
0.655490  0.066580
0.617786  0.072240
0.579357  0.077640
0.540441  0.082698
0.501276  0.087327
0.462102  0.091441
0.423161  0.094955
0.384687  0.097785
0.346779  0.099831
0.309613  0.100951
0.273440  0.101016
0.238518  0.099930
0.205111  0.097634
0.173481  0.094110
0.143884  0.089379
0.116562  0.083503
0.091738  0.076579
0.069609  0.068729
0.050342  0.060100
0.034072  0.050845
0.020898  0.041117
0.010887  0.031060
0.004070  0.020796
0.000450  0.010422
0.000000  0.000000

0.000000  0.000000
0.002633 -0.010092
0.008241 -0.019498
0.016743 -0.028213
0.028045 -0.036233
0.042049 -0.043558
0.058652 -0.050187
0.077751 -0.056121
0.099245 -0.061364
0.123032 -0.065917
0.149009 -0.069786
0.177071 -0.072975
0.207104 -0.075490
0.238984 -0.077333
0.272570 -0.078506
0.307703 -0.079004
0.344204 -0.078820
0.381868 -0.077939
0.420405 -0.076348
0.459439 -0.074089
0.498724 -0.071237
0.538018 -0.067870
0.577077 -0.064068
0.615660 -0.059906
0.653527 -0.055462
0.690444 -0.050809
0.726184 -0.046017
0.760525 -0.041153
0.793255 -0.036286
0.824172 -0.031479
0.853084 -0.026798
0.879813 -0.022306
0.904193 -0.018067
0.926073 -0.014145
0.945319 -0.010598
0.961809 -0.007485
0.975444 -0.004858
0.986137 -0.002763
0.993823 -0.001238
0.998453 -0.000311
1.000000  0.000000
