1.000000  0.000000
0.998461  0.000193
0.993855  0.000767
0.986209  0.001715
0.975571  0.003019
0.962005  0.004661
0.945596  0.006614
0.926443  0.008851
0.904666  0.011338
0.880398  0.014044
0.853788  0.016933
0.825000  0.019970
0.794211  0.023117
0.761611  0.026339
0.727401  0.029597
0.691790  0.032854
0.654999  0.036070
0.617254  0.039204
0.578787  0.042213
0.539835  0.045056
0.500638  0.047686
0.461436  0.050059
0.422472  0.052129
0.383982  0.053854
0.346135  0.055168
0.309136  0.055962
0.273222  0.056135
0.238634  0.055614
0.205609  0.054353
0.174378  0.052339
0.145165  0.049588
0.118179  0.046148
0.093615  0.042093
0.071644  0.037517
0.052419  0.032528
0.036066  0.027244
0.022685  0.021780
0.012351  0.016242
0.005113  0.010723
0.000996  0.005293
0.000000  0.000000

0.000000  0.000000
0.002087 -0.004964
0.007199 -0.009425
0.015279 -0.013395
0.026258 -0.016895
0.040054 -0.019957
0.056574 -0.022615
0.075716 -0.024909
0.097368 -0.026878
0.121415 -0.028562
0.147728 -0.029995
0.176174 -0.031204
0.206606 -0.032209
0.238867 -0.033017
0.272787 -0.033625
0.308181 -0.034015
0.344848 -0.034157
0.382573 -0.034008
0.421094 -0.033522
0.460105 -0.032706
0.499362 -0.031596
0.538624 -0.030228
0.577647 -0.028641
0.616191 -0.026870
0.654018 -0.024952
0.690893 -0.022921
0.726590 -0.020812
0.760887 -0.018656
0.793574 -0.016485
0.824448 -0.014329
0.853319 -0.012221
0.880008 -0.010189
0.904351 -0.008265
0.926197 -0.006480
0.945411 -0.004861
0.961875 -0.003436
0.975486 -0.002232
0.986161 -0.001270
0.993833 -0.000569
0.998456 -0.000143
1.000000  0.000000
