1.000000  0.000000
0.998466  0.000370
0.993874  0.001472
0.986251  0.003290
0.975644  0.005791
0.962119  0.008937
0.945757  0.012677
0.926659  0.016955
0.904941  0.021710
0.880738  0.026876
0.854197  0.032385
0.825481  0.038166
0.794767  0.044149
0.762243  0.050262
0.728108  0.056432
0.692573  0.062585
0.655856  0.068644
0.618182  0.074530
0.579782  0.080161
0.540892  0.085451
0.501751  0.090315
0.462598  0.094664
0.423674  0.098411
0.385217  0.101472
0.347464  0.103767
0.310645  0.105228
0.274987  0.105795
0.240708  0.105421
0.208019  0.104079
0.176627  0.101711
0.146209  0.098005
0.117369  0.092675
0.090718  0.085624
0.066820  0.076952
0.046150  0.066925
0.029054  0.055923
0.015738  0.044383
0.006268  0.032722
0.000595  0.021294
-0.001424  0.010346
0.000000  0.000000
0.000000  0.000000
0.004506 -0.009413
0.011716 -0.017659
0.021362 -0.024895
0.033206 -0.031308
0.047066 -0.037088
0.062843 -0.042408
0.080539 -0.047409
0.100265 -0.052192
0.122225 -0.056807
0.146684 -0.061242
0.173925 -0.065392
0.204196 -0.069014
0.236794 -0.071799
0.271023 -0.073685
0.306672 -0.074693
0.343519 -0.074859
0.381337 -0.074232
0.419891 -0.072872
0.458943 -0.070847
0.498249 -0.068231
0.537567 -0.065100
0.576653 -0.061531
0.615264 -0.057601
0.653161 -0.053385
0.690110 -0.048953
0.725882 -0.044374
0.760256 -0.039717
0.793018 -0.035046
0.823967 -0.030424
0.852910 -0.025917
0.879668 -0.021585
0.904076 -0.017493
0.925982 -0.013701
0.945250 -0.010270
0.961761 -0.007256
0.975412 -0.004710
0.986119 -0.002679
0.993815 -0.001201
0.998451 -0.000302
1.000000  0.000000
