1.000000  0.000000
0.998460  0.000137
0.993851  0.000545
0.986201  0.001217
0.975556  0.002144
0.961983  0.003311
0.945565  0.004702
0.926402  0.006296
0.904614  0.008071
0.880333  0.010005
0.853710  0.012074
0.824908  0.014253
0.794105  0.016517
0.761491  0.018840
0.727266  0.021196
0.691641  0.023558
0.654836  0.025899
0.617077  0.028191
0.578597  0.030404
0.539633  0.032508
0.500425  0.034472
0.461214  0.036264
0.422242  0.037854
0.383747  0.039210
0.345921  0.040281
0.308977  0.040966
0.273150  0.041175
0.238673  0.040842
0.205775  0.039926
0.174678  0.038415
0.145592  0.036324
0.118719  0.033697
0.094240  0.030598
0.072323  0.027112
0.053112  0.023338
0.036731  0.019377
0.023281  0.015334
0.012839  0.011303
0.005461  0.007365
0.001178  0.003584
0.000000  0.000000

0.000000  0.000000
0.001905 -0.003254
0.006851 -0.006067
0.014791 -0.008455
0.025663 -0.010450
0.039390 -0.012090
0.055882 -0.013424
0.075037 -0.014504
0.096743 -0.015383
0.120875 -0.016110
0.147301 -0.016731
0.175874 -0.017280
0.206440 -0.017782
0.238828 -0.018245
0.272860 -0.018665
0.308340 -0.019019
0.345062 -0.019270
0.382808 -0.019364
0.421323 -0.019247
0.460327 -0.018912
0.499575 -0.018382
0.538826 -0.017681
0.577837 -0.016832
0.616368 -0.015858
0.654181 -0.014782
0.691043 -0.013625
0.726725 -0.012410
0.761008 -0.011157
0.793680 -0.009884
0.824540 -0.008613
0.853397 -0.007362
0.880073 -0.006150
0.904403 -0.004998
0.926238 -0.003925
0.945442 -0.002948
0.961896 -0.002087
0.975500 -0.001357
0.986169 -0.000773
0.993837 -0.000346
0.998457 -0.000087
1.000000  0.000000
