1.000000  0.000000
0.998454  0.000125
0.993828  0.000509
0.986158  0.001173
0.975500  0.002153
0.961934  0.003494
0.945558  0.005250
0.926487  0.007478
0.904854  0.010235
0.880802  0.013573
0.854488  0.017536
0.826077  0.022154
0.795743  0.027441
0.763667  0.033394
0.730037  0.039985
0.695045  0.047165
0.658888  0.054863
0.621770  0.062984
0.583897  0.071413
0.545479  0.080018
0.506734  0.088653
0.467879  0.097162
0.429077  0.105389
0.390162  0.113005
0.351291  0.119415
0.312725  0.124056
0.274777  0.126454
0.237812  0.126260
0.202249  0.123287
0.168540  0.117535
0.137131  0.109202
0.108426  0.098669
0.082754  0.086461
0.060347  0.073197
0.041351  0.059529
0.025837  0.046101
0.013822  0.033506
0.005285  0.022255
0.000182  0.012754
-0.001553  0.005287
0.000000  0.000000

0.000000  0.000000
0.004635 -0.002966
0.012130 -0.003602
0.022345 -0.002156
0.035122  0.001028
0.050284  0.005528
0.067643  0.010879
0.087013  0.016607
0.108229  0.022258
0.131168  0.027430
0.155763  0.031789
0.182012  0.035066
0.209965  0.037063
0.239689  0.037648
0.271233  0.036762
0.304591  0.034442
0.339692  0.030836
0.376393  0.026218
0.414488  0.020978
0.453662  0.015617
0.493266  0.010512
0.532980  0.005769
0.572538  0.001466
0.611675 -0.002322
0.650129 -0.005534
0.687639 -0.008123
0.723954 -0.010062
0.758831 -0.011346
0.792042 -0.011992
0.823371 -0.012043
0.852619 -0.011562
0.879604 -0.010634
0.904163 -0.009359
0.926153 -0.007850
0.945449 -0.006225
0.961945 -0.004604
0.975556 -0.003099
0.986212 -0.001811
0.993860 -0.000827
0.998463 -0.000210
1.000000  0.000000
