1.000000  0.000000
0.998469  0.000482
0.993884  0.001918
0.986273  0.004284
0.975683  0.007541
0.962178  0.011635
0.945841  0.016501
0.926771  0.022065
0.905086  0.028244
0.880916  0.034953
0.854412  0.042102
0.825734  0.049598
0.795059  0.057348
0.762574  0.065259
0.728479  0.073233
0.692984  0.081175
0.656305  0.088982
0.618668  0.096552
0.580303  0.103776
0.541446  0.110543
0.502334  0.116739
0.463207  0.122249
0.424304  0.126958
0.385864  0.130755
0.348121  0.133539
0.311307  0.135215
0.275647  0.135708
0.241360  0.134958
0.208656  0.132928
0.177077  0.129561
0.146130  0.124546
0.116560  0.117588
0.089127  0.108594
0.064534  0.097679
0.043368  0.085147
0.026052  0.071425
0.012826  0.056998
0.003752  0.042325
-0.001258  0.027787
-0.002412  0.013639
0.000000  0.000000

0.000000  0.000000
0.005495 -0.012707
0.013570 -0.024152
0.023878 -0.034498
0.036117 -0.043923
0.050068 -0.052590
0.065626 -0.060630
0.082826 -0.068136
0.101856 -0.075161
0.123035 -0.081721
0.146763 -0.087783
0.173475 -0.093242
0.203559 -0.097863
0.236142 -0.101335
0.270362 -0.103598
0.306009 -0.104680
0.342862 -0.104630
0.380691 -0.103516
0.419261 -0.101419
0.458334 -0.098432
0.497666 -0.094655
0.537013 -0.090192
0.576131 -0.085147
0.614777 -0.079623
0.652712 -0.073723
0.689700 -0.067542
0.725511 -0.061175
0.759925 -0.054714
0.792727 -0.048245
0.823714 -0.041856
0.852695 -0.035633
0.879490 -0.029662
0.903931 -0.024027
0.925869 -0.018811
0.945165 -0.014094
0.961701 -0.009954
0.975374 -0.006461
0.986097 -0.003674
0.993805 -0.001646
0.998449 -0.000413
1.000000  0.000000
