1.000000  0.000000
0.998467  0.000426
0.993879  0.001695
0.986262  0.003787
0.975664  0.006666
0.962148  0.010286
0.945799  0.014589
0.926715  0.019510
0.905014  0.024977
0.880827  0.030915
0.854304  0.037243
0.825608  0.043882
0.794913  0.050749
0.762408  0.057760
0.728294  0.064833
0.692779  0.071880
0.656081  0.078813
0.618425  0.085541
0.580043  0.091968
0.541169  0.097997
0.502042  0.103527
0.462903  0.108456
0.423989  0.112684
0.385541  0.116114
0.347793  0.118653
0.310976  0.120222
0.275317  0.120751
0.241034  0.120190
0.208337  0.118503
0.176852  0.115636
0.146169  0.111276
0.116964  0.105132
0.089922  0.097109
0.065677  0.087316
0.044759  0.076036
0.027553  0.063674
0.014282  0.050690
0.005010  0.037524
-0.000331  0.024540
-0.001918  0.011993
0.000000  0.000000

0.000000  0.000000
0.005001 -0.011060
0.012643 -0.020906
0.022620 -0.029697
0.034662 -0.037615
0.048567 -0.044839
0.064235 -0.051519
0.081683 -0.057773
0.101061 -0.063677
0.122630 -0.069264
0.146724 -0.074513
0.173700 -0.079317
0.203878 -0.083439
0.236468 -0.086567
0.270693 -0.088642
0.306340 -0.089687
0.343190 -0.089745
0.381014 -0.088874
0.419576 -0.087146
0.458638 -0.084640
0.497958 -0.081443
0.537290 -0.077646
0.576392 -0.073339
0.615021 -0.068612
0.652936 -0.063554
0.689905 -0.058247
0.725697 -0.052775
0.760090 -0.047215
0.792872 -0.041645
0.823840 -0.036140
0.852802 -0.030775
0.879579 -0.025624
0.904003 -0.020760
0.925925 -0.016256
0.945208 -0.012182
0.961731 -0.008605
0.975393 -0.005585
0.986108 -0.003177
0.993810 -0.001423
0.998450 -0.000358
1.000000  0.000000
