1.000000  0.000000
0.998463  0.000305
0.993862  0.001213
0.986225  0.002710
0.975599  0.004770
0.962048  0.007360
0.945657  0.010439
0.926526  0.013961
0.904771  0.017873
0.880528  0.022122
0.853944  0.026651
0.825184  0.031403
0.794424  0.036318
0.761853  0.041337
0.727671  0.046400
0.692090  0.051446
0.655327  0.056410
0.617609  0.061228
0.579167  0.065831
0.540239  0.070151
0.501063  0.074113
0.461880  0.077647
0.422931  0.080679
0.384452  0.083141
0.346565  0.084944
0.309454  0.085955
0.273367  0.086056
0.238557  0.085158
0.205277  0.083207
0.173780  0.080186
0.144311  0.076116
0.117101  0.071052
0.092363  0.065083
0.070287  0.058325
0.051034  0.050910
0.034737  0.042978
0.021494  0.034672
0.011375  0.026121
0.004418  0.017439
0.000632  0.008712
0.000000  0.000000

0.000000  0.000000
0.002451 -0.008383
0.007894 -0.016141
0.016255 -0.023273
0.027449 -0.029787
0.041384 -0.035691
0.057959 -0.040996
0.077073 -0.045717
0.098620 -0.049869
0.122493 -0.053465
0.148582 -0.056522
0.176772 -0.059051
0.206938 -0.061063
0.238945 -0.062561
0.272642 -0.063545
0.307862 -0.064008
0.344418 -0.063933
0.382103 -0.063296
0.420634 -0.062073
0.459661 -0.060295
0.498937 -0.058023
0.538220 -0.055323
0.577267 -0.052259
0.615837 -0.048894
0.653690 -0.045292
0.690594 -0.041513
0.726319 -0.037615
0.760646 -0.033654
0.793362 -0.029685
0.824264 -0.025762
0.853162 -0.021939
0.879878 -0.018267
0.904246 -0.014800
0.926115 -0.011590
0.945349 -0.008685
0.961831 -0.006135
0.975458 -0.003982
0.986145 -0.002265
0.993826 -0.001015
0.998454 -0.000255
1.000000  0.000000
