1.000000  0.000000
0.998465  0.000416
0.993869  0.001658
0.986241  0.003705
0.975627  0.006520
0.962092  0.010059
0.945719  0.014264
0.926608  0.019071
0.904876  0.024408
0.880658  0.030200
0.854101  0.036369
0.825368  0.042836
0.794636  0.049518
0.762094  0.056335
0.727942  0.063203
0.692389  0.070037
0.655654  0.076751
0.617963  0.083252
0.579547  0.089449
0.540643  0.095245
0.501488  0.100541
0.462324  0.105235
0.423391  0.109230
0.384922  0.112429
0.346994  0.114719
0.309773  0.115947
0.273512  0.115976
0.238479  0.114702
0.204945  0.112061
0.173182  0.108034
0.143457  0.102643
0.116023  0.095955
0.091112  0.088074
0.068930  0.079134
0.049649  0.069291
0.033407  0.058712
0.020303  0.047563
0.010399  0.036000
0.003723  0.024154
0.000268  0.012131
0.000000  0.000000

0.000000  0.000000
0.002814 -0.011802
0.008589 -0.022856
0.017231 -0.033152
0.028641 -0.042679
0.042713 -0.051425
0.059344 -0.059377
0.078430 -0.066526
0.099871 -0.072859
0.123571 -0.078369
0.149437 -0.083050
0.177370 -0.086899
0.207270 -0.089917
0.239022 -0.092105
0.272497 -0.093466
0.307544 -0.094001
0.343989 -0.093708
0.381633 -0.092583
0.420175 -0.090623
0.459217 -0.087883
0.498512 -0.084451
0.537816 -0.080418
0.576887 -0.075877
0.615482 -0.070919
0.653363 -0.065633
0.690295 -0.060105
0.726049 -0.054418
0.760405 -0.048652
0.793149 -0.042886
0.824080 -0.037195
0.853006 -0.031657
0.879748 -0.026345
0.904141 -0.021335
0.926032 -0.016700
0.945288 -0.012510
0.961788 -0.008834
0.975430 -0.005733
0.986129 -0.003260
0.993819 -0.001460
0.998452 -0.000367
1.000000  0.000000
