1.000000  0.000000
0.998465  0.000314
0.993869  0.001250
0.986240  0.002792
0.975625  0.004916
0.962089  0.007587
0.945714  0.010765
0.926602  0.014401
0.904869  0.018444
0.880649  0.022838
0.854090  0.027526
0.825355  0.032450
0.794621  0.037549
0.762077  0.042764
0.727923  0.048032
0.692368  0.053290
0.655631  0.058475
0.617939  0.063519
0.579521  0.068353
0.540615  0.072905
0.501459  0.077103
0.462293  0.080871
0.423359  0.084137
0.384894  0.086830
0.347135  0.088882
0.310314  0.090235
0.274656  0.090838
0.240381  0.090653
0.207700  0.089654
0.176402  0.087785
0.146249  0.084734
0.117774  0.080218
0.091513  0.074140
0.067964  0.066589
0.047541  0.057813
0.030555  0.048172
0.017193  0.038075
0.007526  0.027921
0.001522  0.018048
-0.000930  0.008700
0.000000  0.000000
0.000000  0.000000
0.004012 -0.007767
0.010790 -0.014413
0.020104 -0.020094
0.031750 -0.025000
0.045565 -0.029337
0.061452 -0.033297
0.079396 -0.037046
0.099470 -0.040707
0.121820 -0.044350
0.146645 -0.047972
0.174150 -0.051466
0.204515 -0.054590
0.237120 -0.057030
0.271353 -0.058728
0.307003 -0.059700
0.343848 -0.059974
0.381661 -0.059590
0.420207 -0.058599
0.459247 -0.057055
0.498541 -0.055019
0.537844 -0.052554
0.576913 -0.049724
0.615507 -0.046591
0.653386 -0.043216
0.690315 -0.039658
0.726068 -0.035974
0.760421 -0.032219
0.793164 -0.028446
0.824093 -0.024709
0.853017 -0.021058
0.879757 -0.017547
0.904148 -0.014226
0.926038 -0.011146
0.945292 -0.008358
0.961791 -0.005906
0.975432 -0.003835
0.986130 -0.002182
0.993820 -0.000978
0.998452 -0.000246
1.000000  0.000000
