1.000000  0.000000
0.998464  0.000258
0.993864  0.001027
0.986229  0.002295
0.975606  0.004041
0.962059  0.006238
0.945672  0.008852
0.926546  0.011846
0.904797  0.015177
0.880560  0.018799
0.853983  0.022668
0.825229  0.026734
0.794476  0.030950
0.761912  0.035266
0.727737  0.039631
0.692163  0.043996
0.655407  0.048306
0.617695  0.052508
0.579260  0.056545
0.540338  0.060359
0.501167  0.063891
0.461989  0.067079
0.423044  0.069864
0.384571  0.072188
0.346806  0.073996
0.309983  0.075241
0.274326  0.075881
0.240055  0.075885
0.207382  0.075230
0.176177  0.073860
0.146288  0.071464
0.118178  0.067761
0.092309  0.062655
0.069107  0.056225
0.048932  0.048702
0.032056  0.040422
0.018649  0.031767
0.008784  0.023119
0.002449  0.014802
-0.000435  0.007053
0.000000  0.000000

0.000000  0.000000
0.003518 -0.006120
0.009863 -0.011167
0.018846 -0.015292
0.030295 -0.018693
0.044064 -0.021586
0.060061 -0.024186
0.078253 -0.026682
0.098674 -0.029222
0.121416 -0.031893
0.146605 -0.034701
0.174375 -0.037541
0.204833 -0.040166
0.237446 -0.042262
0.271684 -0.043772
0.307334 -0.044706
0.344177 -0.045088
0.381984 -0.044948
0.420522 -0.044325
0.459552 -0.043262
0.498833 -0.041807
0.538121 -0.040008
0.577174 -0.037916
0.615750 -0.035580
0.653610 -0.033046
0.690521 -0.030363
0.726253 -0.027573
0.760587 -0.024720
0.793310 -0.021847
0.824219 -0.018993
0.853124 -0.016200
0.879846 -0.013508
0.904220 -0.010959
0.926094 -0.008592
0.945334 -0.006445
0.961821 -0.004557
0.975451 -0.002960
0.986141 -0.001685
0.993824 -0.000755
0.998454 -0.000190
1.000000  0.000000
